Data,Open,High,Low,Close,Adj Close
278,255,274,269,256,274
257,277,255,264,257,255
254,270,273,253,265,252
253,268,275,263,264,253
264,278,255,272,279,272
271,276,271,267,273,261
254,257,270,277,261,255
267,272,275,268,263,256
253,274,264,267,273,270
279,263,265,267,274,270
250,270,278,265,268,279
278,271,261,258,277,263
251,274,254,256,259,279
270,253,261,251,265,254
254,254,279,268,269,264
278,267,273,264,270,266
256,257,270,260,260,250
273,276,261,268,257,263
275,273,272,271,276,262
252,258,272,267,251,275
